num_files,method,walltime,cputime
125,mash,3.522,95.79
100,mash,2.89,77.69
75,mash,2.24,60.2
50,mash,1.6,47.9
25,mash,1.16,38.17
125,frackmc,5.33,490.9
100,frackmc,4.59,368
75,frackmc,4.03,247.71
50,frackmc,3.69,147.63
25,frackmc,3.32,70
125,simka,0,-1
100,simka,9.2,-1
75,simka,7.59,-1
50,simka,5.41,-1
25,simka,3.94,-1
1000,frackmc,75.41,5099.68
1500,frackmc,146,8821.39
2000,frackmc,236,13107.99
2500,frackmc,342.34,18481.68
3000,frackmc,467,24287.88
3682,frackmc,691.32,33737.98
1000,mash,53.53,570.29
1500,mash,102.10,888.27
2000,mash,195.12,1297.07
2500,mash,285.49,1759.30
3000,mash,392,2367.2
3682,mash,666,3310.93