num_files,method,walltime,cputime
150,mash,477.57,33974.51
200,mash,525.31,42441.53
250,mash,580.81,49280.18
300,mash,607.99,52067.77
150,frackmc,951.87,46560.62
200,frackmc,1152.77,62591.17
250,frackmc,1572.9,78879.09
300,frackmc,1846,91840.32
125,mash,401.12,28942.17
100,mash,379.16,21190.75
75,mash,377.19,17200.9
50,mash,371.79,12255.37
25,mash,368.69,6802.65
125,frackmc,808.37,38133.8
100,frackmc,628.33,32204.03
75,frackmc,512.85,23445.3
50,frackmc,372.23,16054.08
25,frackmc,225.52,8705.44
125,simka,0,0
95,simka,1188.72,49897.32
75,simka,993.38,40362.15
50,simka,741.22,29127.1
25,simka,478.671,15971.05